57563
34095
12163
36171
54127
34273
3485
13257
63693
9832
22490
3733
2350
40069
20741
20424
2260
10327
39497
62287
5370
39976
26976
61950
34667
14279
35985
9396
33632
57720
19638
1938
8290
37794
49044
54513
43981
7606
24873
7962
27907
48386
16428
1504
7256
16241
54441
58265
50793
17035
52685
15006
11916
9532
4547
21232
18445
40579
36464
17837
217
55036
51129
48030
7593
56163
44697
56243
10617
17033
55127
26598
42254
46780
43896
53517
30961
32977
31002
48854
49539
18110
64635
44739
2942
30902
7332
36273
64453
47798
28879
39310
47628
19780
54437
7864
44750
43863
56485
23559
46225
25881
40350
48238
36583
37784
41275
49971
45283
249
28961
17064
19902
30593
12797
25323
41579
18431
58002
26919
64373
29240
63551
17912
24640
26591
62832
34186
2536
57622
56924
963
63638
59428
63663
40120
33957
9646
23118
13307
45453
38761
30139
48700
9550
34032
1782
16033
57540
35311
44303
52756
26972
32237
47795
5441
54336
30994
44435
5104
45960
3805
37121
30806
138
29564
53030
8438
53311
50013
35889
2600
35097
13856
15356
57195
59899
4898
19337
38543
354
46681
16312
59889
5973
35965
53579
42360
63023
23981
18039
39463
12844
33402
31610
42007
26631
14362
53550
39139
37953
31360
8532
44823
57561
56818
10235
7257
43802
24989
48866
20034
14374
12958
15984
27347
4621
42496
14107
16486
27236
10713
4320
43747
1725
44359
31839
52345
8539
42284
48428
33833
39303
50332
56930
60222
44193
9170
48320
38424
61575
37831
21446
746
12944
28480
61581
21585
20796
20660
21750
56465
54087
42733
41808
27258
27144
27923
17664
61785
20640
3628
16750
25536
33272
15380
29833
11186
36643
50991
18726
62537
51869
6745
33302
48926
60763
13940
57596
60765
3302
63151
14905
51006
38
8766
38265
38659
20280
46620
8563
62777
48087
49647
64205
58448
57407
53850
32969
45224
29506
55612
20943
47551
26421
48592
9565
47003
24342
43953
56174
18223
14221
3213
661
30576
37141
3317
14500
18805
11086
7675
36251
3716
20483
4789
4191
57751
46213
1828
63542
9461
55924
62792
14341
37408
43929
51677
26712
37131
30655
31817
50822
56610
40303
31016
59608
2543
36801
60634
52505
61390
415
51096
5938
462
15170
53058
60442
49862
52779
41114
33097
7825
24599
2571
40360
6281
21380
55773
15746
44737
62809
49394
56059
52630
10432
48708
34488
58951
32079
7725
46219
49
13642
12318
3286
42268
7143
44263
36995
45030
37510
25738
14888
2076
61902
13312
1562
38701
5403
50756
58526
2686
36236
4192
47049
11220
51939
25157
49563
3272
21813
58996
8579
58635
40886
23785
31247
11295
50323
8859
2902
8248
43158
21146
27628
62298
15576
10413
13347
16378
18916
13077
64828
5430
60475
17106
54102
60144
35491
6879
58467
36236
1299
22605
50119
41522
27656
60030
61532
48505
5457
13578
34096
16794
2498
57210
43764
54458
53356
45821
50403
24121
40129
16208
42572
8395
1823
26276
51616
57769
14193
14538
26169
43130
55694
34882
61894
45835
14239
31861
40253
53504
27055
45992
28217
47333
63376
45333
58403
42968
29971
49295
34741
304
15598
54628
10911
53973
18018
26085
1893
26444
16793
54387
56916
5696
24617
37532
52995
41384
63376
3698
11576
55038
7129
26306
18383
15188
22114
23493
55094
64763
14594
32774
4891
40903
5620
7333
47734
8289
566
56549
21068
2455
14207
15276
42181
64095
15904
61998
61308
55020
8986
42514
64492
43124
40112
44689
35630
32992
60718
41091
32262
28570
45426
4191
5804
13604
36010
35769
45581
21174
54644
41419
44561
56218
26586
8288
41023
65061
31811
43058
63512
9132
41767
58851
4371
16476
41192
4937
11547
4007
2615
44056
57556
34269
61694
16704
59895
22101
16682
7180
60705
38162
17713
32032
7855
56728
10473
2118
49381
5302
51147
46352
48141
33491
1729
334
27280
15851
58142
17970
16017
24651
3273
55125
55189
31009
45815
58443
55411
49385
21967
7750
42875
35696
15706
37738
51079
65004
17588
32146
43023
26632
10298
25143
22346
38017
31887
37263
4982
45011
64248
5043
10853
56152
21492
26686
14392
26487
15302
12145
43622
58011
47913
12212
27261
29257
57936
65463
59279
13032
2623
32933
64792
61159
43572
56559
50663
21040
4430
52136
34839
43141
51510
50789
4085
12190
4674
54333
61941
28200
28222
45123
60112
55788
254
53444
34730
18263
14205
7986
12919
11703
33737
47810
61222
11256
32595
41509
30856
31700
45898
38731
59145
7026
63700
31529
47822
33182
34421
858
38292
11574
38395
20545
27221
28619
11328
7278
41006
31572
6900
3509
1750
9796
20997
61887
25589
38332
4875
15173
26057
15870
31449
1749
28466
33615
5410
58934
46940
62433
6461
5222
51895
13279
26298
59956
32549
35379
4615
8366
47468
44222
5638
54105
340
16403
44115
15541
21407
10126
38011
52228
6314
37117
47060
45116
51923
53589
46298
2351
1165
2147
57336
8752
12835
54813
45237
61558
33257
38865
46990
22511
24197
60315
33504
49933
27857
2093
1527
31158
53609
39849
30028
61754
15353
53506
17427
26367
42895
9605
14911
23087
57983
23279
1124
35256
13581
60203
18939
42061
1965
29857
14120
50052
20194
1591
34594
35360
3987
35833
55388
33916
16779
52775
23944
28844
8887
3903
39655
55069
7034
53224
43062
56289
15914
13443
37218
12638
16740
62724
44232
24119
22725
18324
43583
10003
14784
24297
25465
28891
54639
35109
4677
44570
15353
51462
5240
14823
52618
39947
13712
33027
22301
6866
3165
42639
14856
30644
9382
20759
62230
12521
51942
26431
42176
55601
38987
58635
1723
51922
38973
19470
55023
13956
44042
62900
39985
63783
56953
14344
60703
18949
44219
38526
9348
24099
65065
25139
21442
26124
1404
15262
43616
4316
38399
58188
29511
58165
27341
64535
11089
63906
24324
40867
15747
9713
57555
33319
15873
3153
53211
29846
24986
59955
7932
14514
45896
56204
45819
12685
42710
48751
8312
43172
3861
40490
48381
19576
53777
55609
26184
42380
36214
58971
63813
29234
33957
48945
36050
56519
59218
63543
38071
2896
46845
33063
23621
38659
12695
58318
10049
36400
52292
46206
26679
6
231
17641
7775
65372
49094
43599
43069
5342
29462
53517
21480
20881
38916
54231
12412
27909
57076
43633
11723
28417
7827
46366
22115
28434
45630
50427
56458
38298
55096
16627
